本方账号_表头,本方账号,交易日期时间,交易日期,交易时间,借方发生额,贷方发生额,收支方向,收支额正负值,收支额绝对值,对方账号,对方账户名称,付款人名称,付款人账号,收款人账号,收款人名称,余额,流水号,Extra1,Extra2,Extra3,Extra4,Extra5,Extra6
[20880116912882130156],,2022-08-08 15:57:07,,,0.00,20000.00,,,,上海收钱吧互联网科技股份有限公司(itw***@shouqianba.com)	,,,,,,20000.00,1170188111437800961	,转账,向支付宝转账-wosai@	,45217f23421a444c9574bb79896845f3	,	,,
[20880116912882130156],,2022-08-08 16:00:03,,,-12910.85,0.00,,,,北京三快在线科技有限公司(zxp***@meituan.com)	,,,,,,7089.15,1170111861481588210	,在线支付,20220808155851U04788028294751174	,美团订单-开放平台账户充值	,,
[20880116912882130156],,2022-08-15 00:38:30,,,0.00,4456.55,,,,支付宝(杭州)信息技术有限公司(z97***@service.aliyun.com)	,,,,,,11545.70,337627114225321	,其它,预付-202207-扫码点餐3.0-泛行业-交易奖励	,	,	,,
[20880116912882130156],,2022-08-15 10:52:30,,,0.00,89110.00,,,,支付宝(杭州)信息技术有限公司(z97***@service.aliyun.com)	,,,,,,100655.70,337627705488321	,其它,预付-202207-扫码点餐3.0-拓店奖励	,	,	,,
[20880116912882130156],,2022-08-15 10:54:30,,,0.00,239416.45,,,,支付宝(杭州)信息技术有限公司(z97***@service.aliyun.com)	,,,,,,340072.15,337630606825321	,其它,预付-202207-扫码点餐3.0-交易奖励	,	,	,,
[20880116912882130156],,2022-08-15 19:41:30,,,0.00,1433906.69,,,,支付宝(杭州)信息技术有限公司(z97***@service.aliyun.com)	,,,,,,1773978.84,337632278938321	,其它,预付-202207	,	,	,,
[20880116912882130156],,2022-08-15 20:11:30,,,0.00,40953.03,,,,支付宝(杭州)信息技术有限公司(z97***@service.aliyun.com)	,,,,,,1814931.87,337633343290321	,其它,预付-202207	,	,	,,
[20880116912882130156],,2022-08-15 21:53:30,,,0.00,5021.47,,,,支付宝（中国）网络技术有限公司(tk***@alipay.com)	,,,,,,1819953.34,337131047385671	,其它,预付-202207-线下协作费-基础政策-当面资金授权	,	,	,,
[20880116912882130156],,2022-08-15 22:31:30,,,0.00,977407.50,,,,支付宝（中国）网络技术有限公司(tk***@alipay.com)	,,,,,,2797360.84,337129855948671	,其它,预付-202207-线下协作费-基础政策	,	,	,,
[20880116912882130156],,2022-08-16 00:30:33,,,-2747360.84,0.00,,,,****y	,,,,,,50000.00,1170114942981288210	,提现,wosai-2088011691288213-支付宝提现 2022-08-15	,MYMCC1CN20220815111530010000000065818200	,	,,
[20880116912882130156],,2022-08-17 15:32:55,,,-2000.00,0.00,,,,上海喔噻营销服务有限公司(itw***@shouqianba.com)	,,,,,,48000.00,1170203727661000210	,转账,向支付宝转账-ITWeChatY@	,0507288cc3d34ba8ab3001ed656c0f28	,	,,
[20880116912882130156],,2022-08-17 16:07:30,,,0.00,190298.74,,,,支付宝（中国）网络技术有限公司(tk***@alipay.com)	,,,,,,238298.74,337144940582671	,其它,见票-2009-线下协作费-基础政策	,	,	,,
[20880116912882130156],,2022-08-17 16:07:30,,,0.00,63868.77,,,,支付宝（中国）网络技术有限公司(tk***@alipay.com)	,,,,,,302167.51,337143064656671	,其它,见票-2102-线下协作费-基础政策	,	,	,,
[20880116912882130156],,2022-08-17 16:07:30,,,0.00,121521.04,,,,支付宝（中国）网络技术有限公司(tk***@alipay.com)	,,,,,,423688.55,337142975245671	,其它,见票-2101-线下协作费-基础政策	,	,	,,
[20880116912882130156],,2022-08-17 16:07:30,,,0.00,241403.91,,,,支付宝（中国）网络技术有限公司(tk***@alipay.com)	,,,,,,665092.46,337140404766671	,其它,见票-2010-线下协作费-基础政策	,	,	,,
[20880116912882130156],,2022-08-17 16:07:30,,,0.00,131420.07,,,,支付宝（中国）网络技术有限公司(tk***@alipay.com)	,,,,,,796512.53,337139605973671	,其它,见票-2011-线下协作费-基础政策	,	,	,,
[20880116912882130156],,2022-08-17 16:07:30,,,0.00,156253.50,,,,支付宝（中国）网络技术有限公司(tk***@alipay.com)	,,,,,,952766.03,337141196103671	,其它,见票-2012-线下协作费-基础政策	,	,	,,
[20880116912882130156],,2022-08-17 16:08:30,,,0.00,66315.25,,,,支付宝（中国）网络技术有限公司(tk***@alipay.com)	,,,,,,1019081.28,337140866314671	,其它,见票-2104-线下协作费-基础政策	,	,	,,
[20880116912882130156],,2022-08-17 16:08:30,,,0.00,128971.79,,,,支付宝（中国）网络技术有限公司(tk***@alipay.com)	,,,,,,1148053.07,337144817248671	,其它,见票-2103-线下协作费-基础政策	,	,	,,
[20880116912882130156],,2022-08-17 16:08:30,,,0.00,109338.14,,,,支付宝（中国）网络技术有限公司(tk***@alipay.com)	,,,,,,1257391.21,337144691111671	,其它,见票-2102-线下协作费-基础政策	,	,	,,
[20880116912882130156],,2022-08-17 16:08:30,,,0.00,99521.26,,,,支付宝（中国）网络技术有限公司(tk***@alipay.com)	,,,,,,1356912.47,337144212923671	,其它,见票-2107-线下协作费-基础政策	,	,	,,
[20880116912882130156],,2022-08-17 16:08:30,,,0.00,108692.54,,,,支付宝（中国）网络技术有限公司(tk***@alipay.com)	,,,,,,1465605.01,337144630574671	,其它,见票-2106-线下协作费-基础政策	,	,	,,
[20880116912882130156],,2022-08-17 16:08:30,,,0.00,94834.84,,,,支付宝（中国）网络技术有限公司(tk***@alipay.com)	,,,,,,1560439.85,337140892144671	,其它,见票-2105-线下协作费-基础政策	,	,	,,
[20880116912882130156],,2022-08-17 16:08:30,,,0.00,90874.23,,,,支付宝（中国）网络技术有限公司(tk***@alipay.com)	,,,,,,1651314.08,337143130699671	,其它,见票-2109-线下协作费-基础政策	,	,	,,
[20880116912882130156],,2022-08-17 16:08:30,,,0.00,64456.04,,,,支付宝（中国）网络技术有限公司(tk***@alipay.com)	,,,,,,1715770.12,337144228138671	,其它,见票-2108-线下协作费-基础政策	,	,	,,
[20880116912882130156],,2022-08-17 16:08:30,,,0.00,109657.95,,,,支付宝（中国）网络技术有限公司(tk***@alipay.com)	,,,,,,1825428.07,337144931242671	,其它,见票-2110-线下协作费-基础政策	,	,	,,
[20880116912882130156],,2022-08-17 16:20:30,,,0.00,5816.92,,,,支付宝（中国）网络技术有限公司(tk***@alipay.com)	,,,,,,1831244.99,337143152927671	,其它,见票-202111-线下协作费-基础政策	,	,	,,
[20880116912882130156],,2022-08-17 18:24:30,,,0.00,11167.65,,,,支付宝(杭州)信息技术有限公司(z97***@service.aliyun.com)	,,,,,,1842412.64,337642482516321	,其它,见票-202205-扫码点餐3.0-泛行业-交易奖励	,	,	,,
[20880116912882130156],,2022-08-17 18:24:30,,,0.00,15.00,,,,支付宝(杭州)信息技术有限公司(z97***@service.aliyun.com)	,,,,,,1842427.64,337645620869321	,其它,见票-202205-间连小微商户拓展-红包码计件返佣-服务商	,	,	,,
[20880116912882130156],,2022-08-17 18:24:30,,,0.00,0.16,,,,支付宝(杭州)信息技术有限公司(z97***@service.aliyun.com)	,,,,,,1842427.80,337646442787321	,其它,见票-202205-间连小微商户拓展-聚合码费率返佣-服务商	,	,	,,
[20880116912882130156],,2022-08-17 18:24:30,,,0.00,10322.70,,,,支付宝(杭州)信息技术有限公司(z97***@service.aliyun.com)	,,,,,,1852750.50,337648524877321	,其它,见票-202204-扫码点餐3.0-泛行业-交易奖励	,	,	,,
[20880116912882130156],,2022-08-17 18:24:30,,,0.00,100.00,,,,支付宝(杭州)信息技术有限公司(z97***@service.aliyun.com)	,,,,,,1852850.50,337646420213321	,其它,见票-202204-扫码点餐3.0-泛行业-小程序接入奖励	,	,	,,
[20880116912882130156],,2022-08-17 18:24:30,,,0.00,3270.00,,,,支付宝(杭州)信息技术有限公司(z97***@service.aliyun.com)	,,,,,,1856120.50,337645326484321	,其它,见票-202205-扫码点餐3.0-泛行业-拓店奖励	,	,	,,
[20880116912882130156],,2022-08-17 18:24:30,,,0.00,24.00,,,,支付宝(杭州)信息技术有限公司(z97***@service.aliyun.com)	,,,,,,1856144.50,337645311275321	,其它,见票-202205-间连小微商户拓展-聚合码刷蓝计件返佣-服务商	,	,	,,
[20880116912882130156],,2022-08-17 18:24:30,,,0.00,12420.00,,,,支付宝(杭州)信息技术有限公司(z97***@service.aliyun.com)	,,,,,,1868564.50,337645530099321	,其它,见票-202204-扫码点餐3.0-泛行业-拓店奖励	,	,	,,
[20880116912882130156],,2022-08-18 00:32:53,,,-1818564.50,0.00,,,,****y	,,,,,,50000.00,1170115573750688210	,提现,wosai-2088011691288213-支付宝提现 2022-08-17	,MYMCC1CN20220817111530010000000067245550	,	,,
[20880116912882130156],,2022-08-22 18:11:30,,,0.00,3150.00,,,,杭州焕旭信息技术有限公司(zl4***@service.aliyun.com)	,,,,,,53150.00,336919866337701	,其它,预付-202207-企业团餐-设备启用激励2.0	,	,	,,
[20880116912882130156],,2022-08-23 00:32:43,,,-3150.00,0.00,,,,****y	,,,,,,50000.00,1170117298779588210	,提现,wosai-2088011691288213-支付宝提现 2022-08-22	,MYMCC1CN20220823111530010000000070803729	,	,,
[20880116912882130156],,2022-08-24 21:24:30,,,0.00,8060.74,,,,支付宝（中国）网络技术有限公司(tk***@alipay.com)	,,,,,,58060.74,337184997863671	,其它,预付-202207	,	,	,,
[20880116912882130156],,2022-08-25 00:30:33,,,-8060.74,0.00,,,,****y	,,,,,,50000.00,1170117987973288210	,提现,wosai-2088011691288213-支付宝提现 2022-08-24	,MYMCC1CN20220825111530010000000072215707	,	,,
[20880116912882130156],,2022-08-25 12:50:30,,,0.00,90217.09,,,,支付宝（中国）网络技术有限公司(tk***@alipay.com)	,,,,,,140217.09,337186506644671	,其它,预付-202207-业务协作费-行业政策-未来校园（线下支付）	,	,	,,
[20880116912882130156],,2022-08-25 14:59:30,,,0.00,371583.96,,,,支付宝(杭州)信息技术有限公司(z97***@service.aliyun.com)	,,,,,,511801.05,337705697996321	,其它,预付-202206-语音播报试点项目-收钱吧二期	,	,	,,
[20880116912882130156],,2022-08-26 00:34:04,,,-461801.05,0.00,,,,****y	,,,,,,50000.00,1170118421373588210	,提现,wosai-2088011691288213-支付宝提现 2022-08-25	,MYMCC1CN20220825111530010000000072914754	,	,,
[20880116912882130156],,2022-08-26 20:35:30,,,0.00,2290.10,,,,蚂蚁未来(海南)信息技术有限公司(zk6***@service.aliyun.com)	,,,,,,52290.10,336307388985931	,其它,见票-202206-业务协作费-IOT奖励-蜻蜓生态售卖政策	,	,	,,
[20880116912882130156],,2022-08-27 00:34:33,,,-2290.10,0.00,,,,****y	,,,,,,50000.00,1170118669848388210	,提现,wosai-2088011691288213-支付宝提现 2022-08-26	,MYMCC1CN20220826111530010000000073619564	,	,,
[20880116912882130156],,2022-08-29 16:19:30,,,0.00,922.70,,,,杭州焕旭信息技术有限公司(zl4***@service.aliyun.com)	,,,,,,50922.70,336962601099701	,其它,见票-202205-蜻蜓生态售卖技术协作费2022年	,	,	,,
[20880116912882130156],,2022-08-29 16:20:30,,,0.00,1620.70,,,,杭州焕旭信息技术有限公司(zl4***@service.aliyun.com)	,,,,,,52543.40,336959651236701	,其它,见票-202206-蜻蜓生态售卖技术协作费2022年	,	,	,,
[20880116912882130156],,2022-08-29 21:53:30,,,0.00,4109.80,,,,支付宝（中国）网络技术有限公司(tk***@alipay.com)	,,,,,,56653.20,337217353818671	,其它,见票-202206	,	,	,,
[20880116912882130156],,2022-08-29 21:53:30,,,0.00,1640.49,,,,支付宝（中国）网络技术有限公司(tk***@alipay.com)	,,,,,,58293.69,337218528466671	,其它,见票-202206-线下协作费-行业政策-公立医院自费交易激励	,	,	,,
[20880116912882130156],,2022-08-29 21:53:30,,,0.00,1751.88,,,,支付宝（中国）网络技术有限公司(tk***@alipay.com)	,,,,,,60045.57,337217640724671	,其它,见票-202206-线下协作费-基础政策-当面资金授权	,	,	,,
[20880116912882130156],,2022-08-29 21:53:30,,,0.00,1556.72,,,,支付宝（中国）网络技术有限公司(tk***@alipay.com)	,,,,,,61602.29,337218199030671	,其它,见票-202206-线下协作费-行业政策-教培行业返佣激励政策	,	,	,,
[20880116912882130156],,2022-08-29 21:53:30,,,0.00,1286.48,,,,支付宝（中国）网络技术有限公司(tk***@alipay.com)	,,,,,,62888.77,337219597133671	,其它,见票-202206	,	,	,,
[20880116912882130156],,2022-08-29 21:53:30,,,0.00,61.20,,,,支付宝（中国）网络技术有限公司(tk***@alipay.com)	,,,,,,62949.97,337217171970671	,其它,见票-202206	,	,	,,
[20880116912882130156],,2022-08-29 21:53:30,,,0.00,69712.40,,,,支付宝（中国）网络技术有限公司(tk***@alipay.com)	,,,,,,132662.37,337216724115671	,其它,见票-202206-业务协作费-行业政策-未来校园（线下支付）	,	,	,,
[20880116912882130156],,2022-08-29 21:53:30,,,0.00,1089.97,,,,支付宝（中国）网络技术有限公司(tk***@alipay.com)	,,,,,,133752.34,337220435924671	,其它,见票-202206-业务协作费-行业政策-K12校园支付(交易)	,	,	,,
[20880116912882130156],,2022-08-29 21:53:30,,,0.00,382005.49,,,,支付宝（中国）网络技术有限公司(tk***@alipay.com)	,,,,,,515757.83,337219579955671	,其它,见票-202206-线下协作费-基础政策	,	,	,,
[20880116912882130156],,2022-08-29 21:53:30,,,0.00,147.00,,,,支付宝（中国）网络技术有限公司(tk***@alipay.com)	,,,,,,515904.83,337216677973671	,其它,见票-202206-社区支付笔数增量激励返佣（直连）	,	,	,,
[20880116912882130156],,2022-08-29 21:53:30,,,0.00,5400.00,,,,支付宝（中国）网络技术有限公司(tk***@alipay.com)	,,,,,,521304.83,337220978109671	,其它,见票-202206-业务协作费-行业政策-K12刷脸支付设备激励政策	,	,	,,
[20880116912882130156],,2022-08-30 00:34:33,,,-471304.83,0.00,,,,****y	,,,,,,50000.00,1170119785843288210	,提现,wosai-2088011691288213-支付宝提现 2022-08-29	,MYMCC1CN20220830111530010000000075746080	,	,,
[20880116912882130156],,2022-08-30 16:06:30,,,0.00,48.00,,,,支付宝(杭州)信息技术有限公司(z97***@service.aliyun.com)	,,,,,,50048.00,337737163217321	,其它,见票-202206-间连小微商户拓展-聚合码刷蓝计件返佣-服务商	,	,	,,
[20880116912882130156],,2022-08-30 16:06:30,,,0.00,15.00,,,,支付宝(杭州)信息技术有限公司(z97***@service.aliyun.com)	,,,,,,50063.00,337739475110321	,其它,见票-202206-间连小微商户拓展-红包码计件返佣-服务商	,	,	,,
[20880116912882130156],,2022-08-30 16:06:30,,,0.00,4.11,,,,支付宝(杭州)信息技术有限公司(z97***@service.aliyun.com)	,,,,,,50067.11,337737992497321	,其它,见票-202206-间连小微商户拓展-红包码核销返佣-服务商	,	,	,,
[20880116912882130156],,2022-08-30 16:06:30,,,0.00,119706.96,,,,支付宝(杭州)信息技术有限公司(z97***@service.aliyun.com)	,,,,,,169774.07,337736790062321	,其它,见票-202206-扫码点餐3.0-交易奖励	,	,	,,
[20880116912882130156],,2022-08-30 16:06:30,,,0.00,198.30,,,,支付宝(杭州)信息技术有限公司(z97***@service.aliyun.com)	,,,,,,169972.37,337743687115321	,其它,见票-202206-间连小微商户拓展-聚合码费率返佣-服务商	,	,	,,
[20880116912882130156],,2022-08-30 16:06:30,,,0.00,6721.50,,,,支付宝(杭州)信息技术有限公司(z97***@service.aliyun.com)	,,,,,,176693.87,337737027268321	,其它,见票-202206-扫码点餐3.0-泛行业-交易奖励	,	,	,,
[20880116912882130156],,2022-08-30 16:06:30,,,0.00,1200.00,,,,支付宝(杭州)信息技术有限公司(z97***@service.aliyun.com)	,,,,,,177893.87,337737642669321	,其它,见票-202206-扫码点餐3.0-泛行业-拓店奖励	,	,	,,
[20880116912882130156],,2022-08-30 16:06:30,,,0.00,15065.21,,,,支付宝(杭州)信息技术有限公司(z97***@service.aliyun.com)	,,,,,,192959.08,337739730302321	,其它,见票-202206	,	,	,,
[20880116912882130156],,2022-08-30 16:06:30,,,0.00,39750.00,,,,支付宝(杭州)信息技术有限公司(z97***@service.aliyun.com)	,,,,,,232709.08,337741413821321	,其它,见票-202206-扫码点餐3.0-拓店奖励	,	,	,,
[20880116912882130156],,2022-08-30 16:08:30,,,0.00,595955.49,,,,支付宝(杭州)信息技术有限公司(z97***@service.aliyun.com)	,,,,,,828664.57,337737367431321	,其它,见票-202206	,	,	,,
[20880116912882130156],,2022-08-31 00:32:33,,,-778664.57,0.00,,,,****y	,,,,,,50000.00,1170120279896188210	,提现,wosai-2088011691288213-支付宝提现 2022-08-30	,MYMCC1CN20220830111530010000000076439128	,	,,
35740188000193396,,,2021-12-31,13:38:15,60431.00,,,,801301213000774900003,国家税务总局大连市中山区税务局社保费征收专户-企业社保,,,,,294249.11,901a65015916,网银跨行汇款其他错误 缴费截止,,,,,
35740188000193396,,,2021-12-31,13:36:25,9.00,,,,35740123580000001,网上银行手续费收入,,,,,233818.11,901314018401,网银电子汇划费,,,,,
35740188000193396,,,2021-12-31,13:36:25,60431.00,,,,801301213000774900003,国家税务总局大连市中山区税务局社保费征收专户-企业社保,,,,,233827.11,901314018401,社保编号：71831794联系电话：15140439963,,,,,
35740188000193396,,,2021-12-21,02:49:16,149.42,,,,35740105570000001,应付单位活期存款利息,,,,,294258.11,993574000013,结息,,,,,
35740188000193396,,,2021-12-17,02:18:38,16110.00,,,,3400203429300030105,大连市住房公积金管理中心,,,,,294108.69,991001003510,申请业务编号:2112160000385517;业务类型:09900,,,,,
35740188000193396,,,2021-12-15,17:15:30,60454.97,,,,801301213000774900003,国家税务总局大连市中山区税务局社保费征收专户-企业社保,,,,,310218.69,901a67029163,网银跨行汇款其他错误 金额误,,,,,
35740188000193396,,,2021-12-15,17:13:45,9.00,,,,35740123580000001,网上银行手续费收入,,,,,249763.72,901313038396,网银电子汇划费,,,,,
35740188000193396,,,2021-12-15,17:13:45,60454.97,,,,801301213000774900003,国家税务总局大连市中山区税务局社保费征收专户-企业社保,,,,,249772.72,901313038396,社保编号71831794和联系电话15140439963,,,,,
35740188000193396,,,2021-12-15,11:40:47,100000.00,,,,121938729910206,海南收钱吧科技有限公司,,,,,310227.69,901l06001089,资金调拨,,,,,
35740188000193396,,,2021-12-13,14:43:15,11462.83,,,,35700105520000001,待报解预算收入-银税通,,,,,210227.69,907001000134,国家金库大连市中山区支库\个人所得税,,,,,